0
1
2
3
8
9
11
14
15
16
16
16
24
27
28
30
32
36
36
37
38
39
42
45
45
47
53
57
57
58
58
60
63
67
71
74
76
76
78
83
83
83
84
85
87
89
90
90
91
94
95
97
98
99
103
106
107
108
109
109
112
113
113
115
115
116
117
118
119
119
120
123
124
127
128
129
129
130
130
134
139
140
140
142
144
146
147
147
152
153
157
161
167
172
177
178
182
182
183
184
190
193
194
194
198
198
202
203
204
207
208
210
211
213
221
224
224
227
227
229
239
241
244
244
251
253
254
257
260
261
263
263
263
268
268
268
272
272
272
273
279
280
284
290
290
291
295
297
298
298
300
300
300
301
303
309
309
313
316
317
317
322
325
326
327
327
328
328
331
331
332
335
335
337
338
340
340
347
351
352
355
357
358
360
369
371
372
379
381
381
389
390
390
392
393
397
400
404
404
408
408
419
419
428
428
428
430
437
438
438
439
440
443
443
445
448
449
450
452
452
454
454
455
456
456
458
468
468
471
472
476
476
483
484
485
486
487
487
487
488
491
491
492
494
496
497
498
504
507
508
508
508
510
510
511
516
518
523
524
525
527
529
531
531
540
540
541
544
548
550
550
553
554
554
557
561
561
562
564
565
567
568
568
569
571
580
583
583
586
588
593
593
593
597
597
604
605
608
608
611
611
612
614
615
616
616
620
620
622
623
626
627
630
635
641
642
644
648
651
654
656
662
664
664
669
671
673
673
675
675
683
686
686
687
691
695
700
705
709
711
713
717
718
718
722
723
724
727
728
728
729
735
735
736
738
738
739
742
744
745
747
748
751
752
755
755
756
759
761
762
763
765
769
769
771
776
777
782
782
784
785
786
788
791
792
795
795
797
798
798
798
801
802
802
803
806
812
813
816
817
818
818
820
820
822
823
824
824
825
827
830
831
835
835
838
840
843
845
847
847
848
848
849
850
850
851
853
853
859
861
869
870
870
870
870
871
871
878
878
878
878
879
881
885
887
887
889
891
894
894
895
898
898
899
902
902
913
914
917
918
919
922
924
927
928
929
931
933
936
936
940
941
947
949
949
952
952
953
958
960
963
967
968
969
970
971
971
976
978
979
980
983
984
992
993
994
994
994
997
997
